0 102 103 0
1 208 210 0
2 333 335 0
3 437 440 0
4 553 556 0
5 653 656 0
6 757 761 0
7 858 862 0
8 959 963 0
9 1060 1064 0
10 1160 1164 0
11 1276 1279 0
12 1376 1380 0
13 1480 1484 0
14 1587 1591 0
15 1700 1705 0
16 1807 1811 0
17 1917 1922 0
18 2026 2032 0
19 2127 2132 0
20 2228 2233 0
21 2333 2339 0
22 2433 2439 0
23 2540 2549 0
24 2649 2660 0
25 2750 2761 0
26 2849 2861 0
27 2950 2962 0
28 3051 3063 0
29 3158 3170 0
30 3263 3274 0
31 3368 3380 0
32 3469 3481 0
33 3572 3584 0
34 3679 3691 0
35 3788 3800 0
36 3900 3912 0
37 4006 4019 0
38 4111 4125 0
39 4211 4225 0
40 4314 4328 0
41 4429 4443 0
42 4529 4543 0
43 4629 4643 0
44 4735 4752 0
45 4838 4855 0
46 4944 4961 0
47 5045 5062 0
48 5150 5166 0
49 5249 5266 0
50 5351 5368 0
51 5454 5472 0
52 5560 5580 0
53 5676 5696 0
54 5786 5804 0
55 5887 5906 0
56 5998 6016 0
57 6104 6123 0
58 6205 6224 0
59 6307 6325 0
60 6411 6430 0
61 6513 6532 0
62 6615 6634 0
63 6725 6744 0
64 6839 6859 0
65 6942 6961 0
66 7041 7061 0
67 7144 7164 0
68 7243 7264 0
69 7354 7375 0
70 7459 7479 0
71 7588 7609 0
72 7692 7714 0
73 7797 7819 0
74 7901 7926 0
75 8003 8027 0
76 8102 8127 0
77 8208 8235 0
78 8318 8346 0
79 8423 8451 0
80 8526 8554 0
81 8639 8666 0
82 8740 8767 0
83 8842 8869 0
84 8944 8972 0
85 9065 9093 0
86 9170 9199 0
87 9274 9304 0
88 9396 9425 0
89 9497 9526 0
90 9603 9631 0
91 9705 9734 0
92 9817 9846 0
93 9917 9946 0
94 10019 10047 0
95 10123 10151 0
96 10222 10251 0
97 10333 10362 0
98 10432 10462 0
99 10538 10568 0
